@1/1/0/0/0/0/0/0/0/F/
#stage:0[tileset:1]
=000000000000000000000000,
|001400000014141400140000,
|001400000014000000140000,
|001400000014140000140000,
|001400000014000000140000,
|001414140014141400141414,
|111111111111111111111111,
|121313131313131313131312,
|121212121212121212121212;
B000000000000000000000000,
-000000000000000000000000,
-000000000000000000000000,
-000000000000000000000000,
-000000000000000000000000,
-000000000000000000000000,
-000000000000000000000000,
-000000000000000000000000,
-000000000000000000000000;
